LINE 0.0 0.0 1.0 1.0
RECTANGLE 0.1 0.1 0.5 0.5
LINE 0.51 0.08 0.65 0.31
LINE 0.65 0.31 0.95 0.29
LINE 0.95 0.29 0.78 0.52
RECTANGLE 0.2 0.2 0.6 0.6
LINE 0.78 0.52 0.95 0.74
LINE 0.95 0.74 0.65 0.72
LINE 0.65 0.72 0.51 0.95
RECTANGLE 0.3 0.3 0.7 0.7
RECTANGLE 0.4 0.4 0.8 0.8
RECTANGLE 0.5 0.5 0.9 0.9
LINE 0.51 0.95 0.37 0.72
LINE 0.37 0.72 0.07 0.73
LINE 0.07 0.73 0.25 0.52
LINE 0.25 0.52 0.07 0.29
LINE 0.07 0.29 0.38 0.31
LINE 0.38 0.31 0.51 0.08
PLOT 0.5 0.5
PLOT 0.49 0.49
PLOT 0.48 0.48
PLOT 0.51 0.49
PLOT 0.52 0.48
PLOT 0.51 0.51
PLOT 0.52 0.52
PLOT 0.49 0.51
PLOT 0.48 0.52